2769
4305
1071
12
1481
458
461
84
120
210
349
1108
143
71
472
563
946
348
56
91
3302
67
87
69
21
188
105
460
2308
39
4
3
410
520
15
14
273
12
2
260
39
461
103
52
446
265
489
604
47
76
1139
64
45
119
78
345
137
204
146
116
205
1
355
249
1121
190
72
27
6
172
9
227
278
1
372
677
6
383
431
429
578
458
74
145
61
106
43
4
99
15
11
124
9
7
4
5
7
36
11
10
12
26
136
23
30
15
27
18
25
5
75
133
1
4
7
1
11
16
11
24
55
29
7
34
18
2
14
19
41
17
3
4
13
21
14
2
4
1
26
1
3
9
4
19
2
53
8
5
18
15
14
13
6
2
5
6
3
1
39
1
3
4
1
3
15
12
2
10
25
5
4
2
5
10
4
1
14
1
3
1
3
21
13
9
5
5
2
8
1
1
6
