188
120
351
278
210
71
145
78
587
472
91
61
460
434
1126
1131
1144
2778
4520
3313
459
67
58
461
384
2318
476
1076
388
436
464
1487
608
418
254
172
106
208
452
275
368
52
251
19
263
26
142
209
66
268
137
13
88
4
523
946
267
4
14
492
126
43
348
684
7
23
57
11
143
15
49
14
29
117
124
69
4
4
76
116
16
76
13
103
19
138
24
21
6
194
12
32
7
584
39
26
84
13
5
11
41
39
8
74
29
102
4
29
14
28
10
4
146
6
36
45
345
55
14
13
10
12
1
36
4
20
72
2
6
25
45
10
3
16
11
15
4
30
8
18
9
15
24
9
7
14
44
18
22
9
2
15
14
3
2
12
5
2
1
4
4
1
4
6
6
6
6
2
6
4
25
5
12
5
6
4
2
3
6
3
1
1
4
1
12
1
1
11
2
2
3
1
3
1
4
3
2
1
6
1
1
1
1
2
1
2
1
1
1
